The errors ||x - x^(r)|| and ||x^(r+1) - x^(r)|| are not being displayed per
iteration to save paper

Part a
It took: 3421 iterations
The final error was: 0.000000999

Estimate of constant c: 0.9955
Estimate of error bound: 0.000002276

The answer matrix is:

[[  0.00000000e+00   1.04058273e-03   4.16233091e-03   9.36524454e-03
    1.66493236e-02   2.60145682e-02   3.74609781e-02   5.09885536e-02
    6.65972945e-02   8.42872008e-02   1.04058273e-01   1.25910510e-01
    1.49843913e-01   1.75858481e-01   2.03954214e-01   2.34131113e-01
    2.66389178e-01   3.00728408e-01   3.37148803e-01   3.75650364e-01
    4.16233091e-01   4.58896982e-01   5.03642040e-01   5.50468262e-01
    5.99375650e-01   6.50364204e-01   7.03433923e-01   7.58584807e-01
    8.15816857e-01   8.75130073e-01   9.36524454e-01]
 [  0.00000000e+00   3.92274739e-03   8.87546504e-03   1.52591456e-02
    2.32562725e-02   3.29618227e-02   4.44284523e-02   5.76870904e-02
    7.27533309e-02   8.96338911e-02   1.08325808e-01   1.28820092e-01
    1.51098374e-01   1.75135463e-01   2.00894193e-01   2.28326644e-01
    2.57366648e-01   2.87928102e-01   3.19892847e-01   3.53101652e-01
    3.87330165e-01   4.22258790e-01   4.57410817e-01   4.92048293e-01
    5.24958229e-01   5.54006731e-01   5.75089163e-01   5.79418914e-01
    5.45686807e-01   4.14868898e-01   1.04058273e-03]
 [  0.00000000e+00   5.77892334e-03   1.21670714e-02   1.95551820e-02
    2.81793884e-02   3.81818171e-02   4.96507132e-02   6.26374102e-02
    7.71714667e-02   9.32617192e-02   1.10904529e-01   1.30078847e-01
    1.50752173e-01   1.72872106e-01   1.96370453e-01   2.21151252e-01
    2.47091434e-01   2.74023180e-01   3.01726619e-01   3.29899786e-01
    3.58131008e-01   3.85835814e-01   4.12170832e-01   4.35867238e-01
    4.54949067e-01   4.66191339e-01   4.64095902e-01   4.38917516e-01
    3.73210590e-01   2.38049735e-01   4.16233091e-03]
 [  0.00000000e+00   7.03208749e-03   1.44709788e-02   2.26360613e-02
    3.17528278e-02   4.19760298e-02   5.34057163e-02   6.61068270e-02
    8.01122901e-02   9.54355808e-02   1.12065492e-01   1.29975696e-01
    1.49114416e-01   1.69412089e-01   1.90766702e-01   2.13048513e-01
    2.36079874e-01   2.59633575e-01   2.83402816e-01   3.06984897e-01
    3.29829278e-01   3.51185663e-01   3.69996937e-01   3.84755594e-01
    3.93251750e-01   3.92199722e-01   3.76667743e-01   3.39401977e-01
    2.70576263e-01   1.60205029e-01   9.36524454e-03]
 [  0.00000000e+00   7.88546846e-03   1.60643432e-02   2.47879339e-02
    3.42540269e-02   4.46060178e-02   5.59465354e-02   6.83387812e-02
    8.18207572e-02   9.63998341e-02   1.12065231e-01   1.28776686e-01
    1.46475572e-01   1.65068641e-01   1.84437084e-01   2.04415078e-01
    2.24794456e-01   2.45295823e-01   2.65563776e-01   2.85124559e-01
    3.03361213e-01   3.19443763e-01   3.32262780e-01   3.40304922e-01
    3.41513494e-01   3.33094751e-01   3.11366480e-01   2.71798685e-01
    2.09769600e-01   1.22995286e-01   1.66493236e-02]
 [  0.00000000e+00   8.45403892e-03   1.71289307e-02   2.62242519e-02
    3.59034522e-02   4.62957621e-02   5.74916468e-02   6.95546154e-02
    8.25144877e-02   9.63810999e-02   1.11132288e-01   1.26727659e-01
    1.43091411e-01   1.60125237e-01   1.77686119e-01   1.95596703e-01
    2.13617250e-01   2.31450387e-01   2.48704693e-01   2.64888456e-01
    2.79359690e-01   2.91300824e-01   2.99648466e-01   3.03044435e-01
    2.99755729e-01   2.87647788e-01   2.64227226e-01   2.26940663e-01
    1.73925675e-01   1.05485566e-01   2.60145682e-02]
 [  0.00000000e+00   8.81007342e-03   1.77918672e-02   2.71025598e-02
    3.68789950e-02   4.72278094e-02   5.82321967e-02   6.99428494e-02
    8.23907520e-02   9.55743664e-02   1.09474777e-01   1.24037927e-01
    1.39190437e-01   1.54816909e-01   1.70774914e-01   1.86867307e-01
    2.02854303e-01   2.18420133e-01   2.33179316e-01   2.46636322e-01
    2.58182939e-01   2.67050783e-01   2.72301046e-01   2.72780891e-01
    2.67131819e-01   2.53810469e-01   2.31230788e-01   1.98045798e-01
    1.53688807e-01   9.91160225e-02   3.74609781e-02]
 [  0.00000000e+00   9.00411907e-03   1.81432961e-02   2.75449946e-02
    3.73183378e-02   4.75561258e-02   5.83239023e-02   6.96702248e-02
    8.16130257e-02   9.41546546e-02   1.07263768e-01   1.20892835e-01
    1.34955206e-01   1.49343425e-01   1.63901657e-01   1.78443152e-01
    1.92718239e-01   2.06429089e-01   2.19193621e-01   2.30556151e-01
    2.39948945e-01   2.46700576e-01   2.50003384e-01   2.48933724e-01
    2.42454985e-01   2.29498289e-01   2.09078079e-01   1.80530683e-01
    1.43826536e-01   9.99324411e-02   5.09885536e-02]
 [  0.00000000e+00   9.07183363e-03   1.82523602e-02   2.76425477e-02
    3.73345668e-02   4.74008658e-02   5.79013628e-02   6.88695059e-02
    8.03259607e-02   9.22604610e-02   1.04649739e-01   1.17434624e-01
    1.30540398e-01   1.43849317e-01   1.57221799e-01   1.70464943e-01
    1.83353058e-01   1.95593155e-01   2.06843860e-01   2.16680013e-01
    2.24611118e-01   2.30050929e-01   2.32342904e-01   2.30750559e-01
    2.24512012e-01   2.12885362e-01   1.95272618e-01   1.71358276e-01
    1.41305155e-01   1.05901997e-01   6.65972945e-02]
 [  0.00000000e+00   9.04100822e-03   1.81693370e-02   2.74691413e-02
    3.70125886e-02   4.68641429e-02   5.70674153e-02   6.76567039e-02
    7.86393619e-02   9.00130128e-02   1.01743087e-01   1.13783956e-01
    1.26051790e-01   1.38448006e-01   1.50828093e-01   1.63025965e-01
    1.74819900e-01   1.85956815e-01   1.96117394e-01   2.04940628e-01
    2.11992400e-01   2.16794025e-01   2.18803443e-01   2.17458273e-01
    2.12186754e-01   2.02483464e-01   1.87969174e-01   1.68505067e-01
    1.44279431e-01   1.15884011e-01   8.42872008e-02]
 [  0.00000000e+00   8.93149318e-03   1.79352890e-02   2.70783788e-02
    3.64240386e-02   4.60207514e-02   5.59111997e-02   6.61159612e-02
    7.66491196e-02   8.74967943e-02   9.86379414e-02   1.10017936e-01
    1.21573028e-01   1.33199620e-01   1.44780935e-01   1.56153134e-01
    1.67133061e-01   1.77483046e-01   1.86939411e-01   1.95179173e-01
    2.01850856e-01   2.06548904e-01   2.08851772e-01   2.08313647e-01
    2.04518430e-01   1.97099548e-01   1.85814165e-01   1.70586435e-01
    1.51575170e-01   1.29187226e-01   1.04058273e-01]
 [  0.00000000e+00   8.75980038e-03   1.75789558e-02   2.65156800e-02
    3.56191015e-02   4.49354873e-02   5.44941743e-02   6.43209396e-02
    7.44182079e-02   8.47845820e-02   9.53896985e-02   1.06198564e-01
    1.17141707e-01   1.28142892e-01   1.39085636e-01   1.49843016e-01
    1.60242165e-01   1.70095359e-01   1.79164990e-01   1.87196159e-01
    1.93886098e-01   1.98920328e-01   2.01952508e-01   2.02648198e-01
    2.00681914e-01   1.95791207e-01   1.87791623e-01   1.76631304e-01
    1.62403659e-01   1.45366710e-01   1.25910510e-01]
 [  0.00000000e+00   8.53699051e-03   1.71250895e-02   2.58112820e-02
    3.46416753e-02   4.36504844e-02   5.28707050e-02   6.23167300e-02
    7.20018602e-02   8.19150623e-02   9.20442294e-02   1.02347755e-01
    1.12782213e-01   1.23269738e-01   1.33728770e-01   1.44038658e-01
    1.54072309e-01   1.63660023e-01   1.72623443e-01   1.80741501e-01
    1.87786064e-01   1.93494004e-01   1.97606113e-01   1.99849979e-01
    1.99983574e-01   1.97791284e-01   1.93128638e-01   1.85924704e-01
    1.76212191e-01   1.64115834e-01   1.49843913e-01]
 [  0.00000000e+00   8.27286806e-03   1.65891332e-02   2.49922396e-02
    3.35183267e-02   4.22038568e-02   5.10713118e-02   6.01441022e-02
    6.94258709e-02   7.89218793e-02   8.86126142e-02   9.84804904e-02
    1.08478700e-01   1.18561889e-01   1.28651514e-01   1.38669153e-01
    1.48500024e-01   1.58027821e-01   1.67098575e-01   1.75556391e-01
    1.83210493e-01   1.89871918e-01   1.95327095e-01   1.99375832e-01
    2.01814082e-01   2.02471902e-01   2.01204353e-01   1.97922852e-01
    1.92586112e-01   1.85212209e-01   1.75858481e-01]
 [  0.00000000e+00   7.97301779e-03   1.59854645e-02   2.40734459e-02
    3.22740656e-02   4.06147276e-02   4.91250041e-02   5.78190677e-02
    6.67145576e-02   7.58088239e-02   8.51038419e-02   9.45771597e-02
    1.04211626e-01   1.13962188e-01   1.23789046e-01   1.33621725e-01
    1.43394269e-01   1.53008311e-01   1.62369065e-01   1.71349466e-01
    1.79826019e-01   1.87646388e-01   1.94664444e-01   2.00713626e-01
    2.05640301e-01   2.09284082e-01   2.11507041e-01   2.12179417e-01
    2.11199466e-01   2.08480201e-01   2.03954214e-01]
 [  0.00000000e+00   7.64298940e-03   1.53209955e-02   2.30698854e-02
    3.09196293e-02   3.89028112e-02   4.70406572e-02   5.53588806e-02
    6.38670994e-02   7.25812872e-02   8.14974142e-02   9.06194349e-02
    9.99282089e-02   1.09413707e-01   1.19040482e-01   1.28782606e-01
    1.38587141e-01   1.48410238e-01   1.58180174e-01   1.67833033e-01
    1.77276941e-01   1.86425817e-01   1.95166442e-01   2.03388894e-01
    2.10958029e-01   2.17739427e-01   2.23576687e-01   2.28311921e-01
    2.31770004e-01   2.33772807e-01   2.34131113e-01]
 [  0.00000000e+00   7.28493714e-03   1.46034937e-02   2.19866380e-02
    2.94676629e-02   3.70721183e-02   4.48302780e-02   5.27601557e-02
    6.08869526e-02   6.92199053e-02   7.77778468e-02   8.65608603e-02
    9.55807802e-02   1.04828817e-01   1.14309568e-01   1.24005898e-01
    1.33914791e-01   1.44010773e-01   1.54281690e-01   1.64691800e-01
    1.75215315e-01   1.85800057e-01   1.96396519e-01   2.06922974e-01
    2.17288409e-01   2.27360892e-01   2.36984742e-01   2.45956315e-01
    2.54038904e-01   2.60952212e-01   2.66389178e-01]
 [  0.00000000e+00   6.90180024e-03   1.38347007e-02   2.08312096e-02
    2.79192131e-02   3.51308619e-02   4.24894597e-02   5.00255212e-02
    5.77572175e-02   6.57129487e-02   7.39062284e-02   8.23637924e-02
    9.10960043e-02   1.00129225e-01   1.09472937e-01   1.19154793e-01
    1.29185614e-01   1.39595156e-01   1.50395866e-01   1.61616876e-01
    1.73266876e-01   1.85363301e-01   1.97894180e-01   2.10839503e-01
    2.24132474e-01   2.37672144e-01   2.51287959e-01   2.64748453e-01
    2.77739533e-01   2.89880455e-01   3.00728408e-01]
 [  0.00000000e+00   6.49380568e-03   1.30185620e-02   1.96031860e-02
    2.62798222e-02   3.30747196e-02   4.00206687e-02   4.71412941e-02
    5.44702208e-02   6.20295531e-02   6.98550067e-02   7.79695730e-02
    8.64135511e-02   9.52145436e-02   1.04421008e-01   1.14069725e-01
    1.24221075e-01   1.34924841e-01   1.46254781e-01   1.58272929e-01
    1.71060084e-01   1.84677708e-01   1.99189993e-01   2.14621767e-01
    2.30968348e-01   2.48150074e-01   2.66011637e-01   2.84282719e-01
    3.02581198e-01   3.20402374e-01   3.37148803e-01]
 [  0.00000000e+00   6.06253032e-03   1.21542857e-02   1.83062466e-02
    2.45459625e-02   3.09063072e-02   3.74137102e-02   4.41036615e-02
    5.10030056e-02   5.81516453e-02   6.55797949e-02   7.33350505e-02
    8.14556939e-02   9.00020078e-02   9.90267948e-02   1.08609452e-01
    1.18824691e-01   1.29777292e-01   1.41569368e-01   1.54332646e-01
    1.68193258e-01   1.83296690e-01   1.99767098e-01   2.17718398e-01
    2.37204281e-01   2.58210752e-01   2.80599047e-01   3.04088105e-01
    3.28213212e-01   3.52333356e-01   3.75650364e-01]
 [  0.00000000e+00   5.60746118e-03   1.12441947e-02   1.69380078e-02
    2.27204267e-02   2.86188006e-02   3.46680640e-02   4.08969135e-02
    4.73457991e-02   5.40479488e-02   6.10529801e-02   6.84037837e-02
    7.61649024e-02   8.43964438e-02   9.31860964e-02   1.02621221e-01
    1.12822931e-01   1.23917101e-01   1.36068042e-01   1.49447956e-01
    1.64265895e-01   1.80732639e-01   1.99077415e-01   2.19501385e-01
    2.42171384e-01   2.67154100e-01   2.94381093e-01   3.23571277e-01
    3.54193464e-01   3.85433229e-01   4.16233091e-01]
 [  0.00000000e+00   5.12978561e-03   1.02870705e-02   1.55012448e-02
    2.07993423e-02   2.62141592e-02   3.17742300e-02   3.75180048e-02
    4.34786829e-02   4.97040430e-02   5.62370332e-02   6.31406434e-02
    7.04753768e-02   7.83283652e-02   8.67889808e-02   9.59811393e-02
    1.06038201e-01   1.17136861e-01   1.29471767e-01   1.43288017e-01
    1.58853767e-01   1.76485055e-01   1.96509782e-01   2.19272073e-01
    2.45073091e-01   2.74135141e-01   3.06503040e-01   3.41961604e-01
    3.79923051e-01   4.19374912e-01   4.58896982e-01]
 [  0.00000000e+00   4.62917182e-03   9.28530515e-03   1.39943921e-02
    1.87862021e-02   2.36878253e-02   2.87341206e-02   3.39562597e-02
    3.93976462e-02   4.50982149e-02   5.11154165e-02   5.75052926e-02
    6.43479940e-02   7.17268962e-02   7.97580185e-02   8.85685984e-02
    9.83295973e-02   1.09234996e-01   1.21535936e-01   1.35520889e-01
    1.51547832e-01   1.70021665e-01   1.91414590e-01   2.16227228e-01
    2.44973152e-01   2.78091875e-01   3.15856286e-01   3.58202590e-01
    4.04559109e-01   4.53682004e-01   5.03642040e-01]
 [  0.00000000e+00   4.10712658e-03   8.23882882e-03   1.24214865e-02
    1.66800204e-02   2.10448791e-02   2.55440545e-02   3.02151658e-02
    3.50933499e-02   4.02282009e-02   4.56684020e-02   5.14831870e-02
    5.77448763e-02   6.45545169e-02   7.20238031e-02   8.03046224e-02
    8.95721244e-02   1.00057929e-01   1.12036067e-01   1.25859024e-01
    1.41946793e-01   1.60821623e-01   1.83093793e-01   2.09478665e-01
    2.40751315e-01   2.77695711e-01   3.20953535e-01   3.70808208e-01
    4.26848348e-01   4.87624761e-01   5.50468262e-01]
 [  0.00000000e+00   3.56413685e-03   7.15124720e-03   1.07837305e-02
    1.44873688e-02   1.82864413e-02   2.22122431e-02   2.62943269e-02
    3.05734686e-02   3.50897238e-02   3.98996445e-02   4.50621332e-02
    5.06597370e-02   5.67836529e-02   6.35591096e-02   7.11313797e-02
    7.96956646e-02   8.94866322e-02   1.00813805e-01   1.14057696e-01
    1.29711717e-01   1.48386618e-01   1.70855381e-01   1.98056190e-01
    2.31111865e-01   2.71272009e-01   3.19790412e-01   3.77612318e-01
    4.44846762e-01   5.20007200e-01   5.99375650e-01]
 [  0.00000000e+00   3.00244637e-03   6.02461129e-03   9.08770818e-03
    1.22121617e-02   1.54230003e-02   1.87440891e-02   2.22074017e-02
    2.58442748e-02   2.96984596e-02   3.38151611e-02   3.82577839e-02
    4.30958652e-02   4.84256136e-02   5.43583704e-02   6.10455353e-02
    6.86700814e-02   7.74775260e-02   8.77745932e-02   9.99698550e-02
    1.14586061e-01   1.32316523e-01   1.54058699e-01   1.80988553e-01
    2.14605263e-01   2.56775026e-01   3.09654360e-01   3.75398492e-01
    4.55380960e-01   5.48723302e-01   6.50364204e-01]
 [  0.00000000e+00   2.42368143e-03   4.86426672e-03   7.33836616e-03
    9.86514403e-03   1.24630611e-02   1.51559136e-02   1.79669507e-02
    2.09280730e-02   2.40718661e-02   2.74439184e-02   3.10935899e-02
    3.50895358e-02   3.95104633e-02   4.44643519e-02   5.00812388e-02
    5.65376208e-02   6.40549255e-02   7.29328883e-02   8.35608991e-02
    9.64693615e-02   1.12368682e-01   1.32238063e-01   1.57419318e-01
    1.89771622e-01   2.31833369e-01   2.86977598e-01   3.59335542e-01
    4.53030100e-01   5.69711357e-01   7.03433923e-01]
 [  0.00000000e+00   1.83092490e-03   3.67469272e-03   5.54513555e-03
    7.45573274e-03   9.42302193e-03   1.14631280e-02   1.35976089e-02
    1.58482006e-02   1.82450825e-02   2.08203778e-02   2.36188874e-02
    2.66911845e-02   3.01071175e-02   3.39498874e-02   3.83332941e-02
    4.33993532e-02   4.93419732e-02   5.64134739e-02   6.49618544e-02
    7.54589513e-02   8.85707314e-02   1.05240378e-01   1.26845342e-01
    1.55423812e-01   1.94052341e-01   2.47384223e-01   3.22311051e-01
    4.28163181e-01   5.74251324e-01   7.58584807e-01]
 [  0.00000000e+00   1.22693390e-03   2.46285727e-03   3.71664343e-03
    4.99854140e-03   6.31855179e-03   7.68956302e-03   9.12440607e-03
    1.06406371e-02   1.22565742e-02   1.39977447e-02   1.58923812e-02
    1.79796692e-02   2.03054866e-02   2.29329347e-02   2.59397469e-02
    2.94325062e-02   3.35487075e-02   3.84785801e-02   4.44790977e-02
    5.19148358e-02   6.13047825e-02   7.34189936e-02   8.94279551e-02
    1.11189341e-01   1.41768469e-01   1.86454479e-01   2.54695773e-01
    3.63506376e-01   5.41143208e-01   8.15816857e-01]
 [  0.00000000e+00   6.15429636e-04   1.23532467e-03   1.86449670e-03
    2.50766210e-03   3.17060997e-03   3.85904508e-03   4.58058692e-03
    5.34302039e-03   6.15713041e-03   7.03455710e-03   7.99150423e-03
    9.04651712e-03   1.02252212e-02   1.15585818e-02   1.30891533e-02
    1.48709445e-02   1.69785472e-02   1.95112649e-02   2.26091480e-02
    2.64688789e-02   3.13799058e-02   3.77778382e-02   4.63524774e-02
    5.82517071e-02   7.55261898e-02   1.02162695e-01   1.46776809e-01
    2.30401204e-01   4.11561580e-01   8.75130073e-01]
 [  0.00000000e+00   0.00000000e+00   0.00000000e+00   0.00000000e+00
    0.00000000e+00   0.00000000e+00   0.00000000e+00   0.00000000e+00
    0.00000000e+00   0.00000000e+00   0.00000000e+00   0.00000000e+00
    0.00000000e+00   0.00000000e+00   0.00000000e+00   0.00000000e+00
    0.00000000e+00   0.00000000e+00   0.00000000e+00   0.00000000e+00
    0.00000000e+00   0.00000000e+00   0.00000000e+00   0.00000000e+00
    0.00000000e+00   0.00000000e+00   0.00000000e+00   0.00000000e+00
    0.00000000e+00   0.00000000e+00   3.60000000e+03]]

Part b
It took: 1156 iterations
The final error was: 0.000000999

Estimate of constant c: 0.994537
Estimate of error bound: 0.000002266
Predicted iteration rate: 0.989730

The answer matrix is:

[[  0.00000000e+00   1.04058273e-03   4.16233091e-03   9.36524454e-03
    1.66493236e-02   2.60145682e-02   3.74609781e-02   5.09885536e-02
    6.65972945e-02   8.42872008e-02   1.04058273e-01   1.25910510e-01
    1.49843913e-01   1.75858481e-01   2.03954214e-01   2.34131113e-01
    2.66389178e-01   3.00728408e-01   3.37148803e-01   3.75650364e-01
    4.16233091e-01   4.58896982e-01   5.03642040e-01   5.50468262e-01
    5.99375650e-01   6.50364204e-01   7.03433923e-01   7.58584807e-01
    8.15816857e-01   8.75130073e-01   9.36524454e-01]
 [  0.00000000e+00   3.92501092e-03   8.87999252e-03   1.52657637e-02
    2.32650332e-02   3.29724132e-02   4.44409749e-02   5.77011074e-02
    7.27689914e-02   8.96506520e-02   1.08343859e-01   1.28838810e-01
    1.51117983e-01   1.75155284e-01   2.00914475e-01   2.28346685e-01
    2.57386709e-01   2.87947490e-01   3.19911823e-01   3.53119560e-01
    3.87347256e-01   4.22274474e-01   4.57425324e-01   4.92061123e-01
    5.24969578e-01   5.54016213e-01   5.75096931e-01   5.79424710e-01
    5.45690735e-01   4.14870837e-01   1.04058273e-03]
 [  0.00000000e+00   5.78350060e-03   1.21760266e-02   1.95685666e-02
    2.81967147e-02   3.82032383e-02   4.96754767e-02   6.26657655e-02
    7.72024310e-02   9.32956295e-02   1.10940216e-01   1.30116722e-01
    1.50790933e-01   1.72912218e-01   1.96410539e-01   2.21191815e-01
    2.47131078e-01   2.74062425e-01   3.01764114e-01   3.29936041e-01
    3.58164775e-01   3.85867571e-01   4.12199489e-01   4.35893219e-01
    4.54971483e-01   4.66210542e-01   4.64111243e-01   4.38929255e-01
    3.73218346e-01   2.38053662e-01   4.16233091e-03]
 [  0.00000000e+00   7.03885357e-03   1.44845106e-02   2.26558439e-02
    3.17790120e-02   4.20076867e-02   5.34431441e-02   6.61487262e-02
    8.01590960e-02   9.54856822e-02   1.12119444e-01   1.30031649e-01
    1.49173022e-01   1.69471339e-01   1.90827319e-01   2.13108420e-01
    2.36139832e-01   2.59691528e-01   2.83459530e-01   3.07038428e-01
    3.29880360e-01   3.51232546e-01   3.70040294e-01   3.84793945e-01
    3.93285670e-01   3.92228063e-01   3.76690961e-01   3.39419300e-01
    2.70588001e-01   1.60210825e-01   9.36524454e-03]
 [  0.00000000e+00   7.89452142e-03   1.60820570e-02   2.48144060e-02
    3.42882993e-02   4.46483847e-02   5.59955187e-02   6.83948624e-02
    8.18820063e-02   9.64669021e-02   1.12135822e-01   1.28851596e-01
    1.46552242e-01   1.65147976e-01   1.84516376e-01   2.04495303e-01
    2.24872876e-01   2.45373442e-01   2.65637943e-01   2.85196263e-01
    3.03428006e-01   3.19506572e-01   3.32319465e-01   3.40356307e-01
    3.41557835e-01   3.33132730e-01   3.11396826e-01   2.71821902e-01
    2.09784941e-01   1.23003054e-01   1.66493236e-02]
 [  0.00000000e+00   8.46510840e-03   1.71510664e-02   2.62566167e-02
    3.59462849e-02   4.63475536e-02   5.75528722e-02   6.96231637e-02
    8.25910539e-02   9.64630672e-02   1.11220544e-01   1.26819199e-01
    1.43187278e-01   1.60222172e-01   1.77785278e-01   1.95694714e-01
    2.13715330e-01   2.31545201e-01   2.48797467e-01   2.64976033e-01
    2.79443251e-01   2.91377528e-01   2.99719391e-01   3.03107178e-01
    2.99811217e-01   2.87694155e-01   2.64265205e-01   2.26969004e-01
    1.73944877e-01   1.05495047e-01   2.60145682e-02]
 [  0.00000000e+00   8.82329995e-03   1.78177506e-02   2.71412360e-02
    3.69290737e-02   4.72897081e-02   5.83037707e-02   7.00247850e-02
    8.24802489e-02   9.56723538e-02   1.09577925e-01   1.24147372e-01
    1.39302467e-01   1.54932819e-01   1.70890776e-01   1.86984517e-01
    2.02968890e-01   2.18533535e-01   2.33287689e-01   2.46741083e-01
    2.58280537e-01   2.67142548e-01   2.72383875e-01   2.72855964e-01
    2.67196611e-01   2.53865956e-01   2.31275130e-01   1.98079718e-01
    1.53711224e-01   9.91273718e-02   3.74609781e-02]
 [  0.00000000e+00   9.01909761e-03   1.81732452e-02   2.75887887e-02
    3.73762896e-02   4.76262070e-02   5.84067389e-02   6.97629804e-02
    8.17166180e-02   9.42655681e-02   1.07383176e-01   1.21016702e-01
    1.35084912e-01   1.49474592e-01   1.64035817e-01   1.78575774e-01
    1.92850939e-01   2.06557386e-01   2.19319142e-01   2.30674656e-01
    2.40062000e-01   2.46804367e-01   2.50099343e-01   2.49018624e-01
    2.42530058e-01   2.29561032e-01   2.09129464e-01   1.80569033e-01
    1.43852517e-01   9.99452708e-02   5.09885536e-02]
 [  0.00000000e+00   9.08874003e-03   1.82854487e-02   2.76919843e-02
    3.73985859e-02   4.74799858e-02   5.79928611e-02   6.89742373e-02
    8.04403710e-02   9.23857100e-02   1.04781601e-01   1.17574518e-01
    1.30683614e-01   1.43997474e-01   1.57369914e-01   1.70614762e-01
    1.83499543e-01   1.95738107e-01   2.06982402e-01   2.16813920e-01
    2.24735886e-01   2.30168225e-01   2.32448791e-01   2.30846518e-01
    2.24594841e-01   2.12956287e-01   1.95329303e-01   1.71401633e-01
    1.41333812e-01   1.05916504e-01   6.65972945e-02]
 [  0.00000000e+00   9.05931945e-03   1.82059453e-02   2.75226795e-02
    3.70834262e-02   4.69498171e-02   5.71686709e-02   6.77700977e-02
    7.87659882e-02   9.01486047e-02   1.01889046e-01   1.13935384e-01
    1.26210337e-01   1.38608358e-01   1.50992082e-01   1.63188097e-01
    1.74982106e-01   1.86113659e-01   1.96270824e-01   2.05085502e-01
    2.12130593e-01   2.16920910e-01   2.18920739e-01   2.17562065e-01
    2.12278520e-01   2.02560167e-01   1.88031984e-01   1.68551951e-01
    1.44311189e-01   1.15899696e-01   8.42872008e-02]
 [  0.00000000e+00   8.95141178e-03   1.79742773e-02   2.71366234e-02
    3.64994728e-02   4.61139680e-02   5.60190129e-02   6.62393524e-02
    7.67839305e-02   8.76443585e-02   9.87933159e-02   1.10182754e-01
    1.21741782e-01   1.33374174e-01   1.44955460e-01   1.56329647e-01
    1.67305666e-01   1.77653824e-01   1.87102657e-01   1.95336937e-01
    2.01997871e-01   2.06687098e-01   2.08976539e-01   2.08426702e-01
    2.04616029e-01   1.97183109e-01   1.85880959e-01   1.70637517e-01
    1.51608937e-01   1.29204317e-01   1.04058273e-01]
 [  0.00000000e+00   8.78070735e-03   1.76207487e-02   2.65768077e-02
    3.56999713e-02   4.50333066e-02   5.46097700e-02   6.44504080e-02
    7.45627673e-02   8.49393954e-02   9.55563286e-02   1.06371457e-01
    1.17322707e-01   1.28325976e-01   1.39272850e-01   1.50028131e-01
    1.60427343e-01   1.70274438e-01   1.79340149e-01   1.87361571e-01
    1.94043862e-01   1.99065201e-01   2.02086414e-01   2.02766703e-01
    2.00786674e-01   1.95878785e-01   1.87863327e-01   1.76684834e-01
    1.62439914e-01   1.45384618e-01   1.25910510e-01]
 [  0.00000000e+00   8.55910543e-03   1.71683819e-02   2.58759490e-02
    3.47254369e-02   4.37539795e-02   5.29904202e-02   6.24537267e-02
    7.21515535e-02   8.20788973e-02   9.22167567e-02   1.02530746e-01
    1.12969596e-01   1.23463538e-01   1.33922563e-01   1.44234633e-01
    1.54263970e-01   1.63849630e-01   1.72804711e-01   1.80916660e-01
    1.87949310e-01   1.93647434e-01   1.97744655e-01   1.99975500e-01
    2.00091947e-01   1.97884058e-01   1.93202805e-01   1.85981418e-01
    1.76249686e-01   1.64134809e-01   1.49843913e-01]
 [  0.00000000e+00   8.29550230e-03   1.66343737e-02   2.50584175e-02
    3.36058677e-02   4.23097578e-02   5.11964431e-02   6.02842672e-02
    6.95823552e-02   7.90894834e-02   8.87929898e-02   9.86676686e-02
    1.08674631e-01   1.18760100e-01   1.28854171e-01   1.38869563e-01
    1.48700477e-01   1.58221696e-01   1.67288182e-01   1.75735470e-01
    1.83381270e-01   1.90028762e-01   1.95472048e-01   1.99504129e-01
    2.01927484e-01   2.02566715e-01   2.01281972e-01   1.97980806e-01
    1.92625358e-01   1.85231597e-01   1.75858481e-01]
 [  0.00000000e+00   7.99639779e-03   1.60312386e-02   2.41418121e-02
    3.23626289e-02   4.07241429e-02   4.92515822e-02   5.79639010e-02
    6.68728325e-02   7.59820306e-02   8.52862599e-02   9.47706179e-02
    1.04409752e-01   1.14167074e-01   1.23993948e-01   1.33828910e-01
    1.43596918e-01   1.53208764e-01   1.62560726e-01   1.71534644e-01
    1.79998625e-01   1.87808594e-01   1.94810929e-01   2.00846326e-01
    2.05754888e-01   2.09382163e-01   2.11585461e-01   2.12239375e-01
    2.11239111e-01   2.08500261e-01   2.03954214e-01]
 [  0.00000000e+00   7.66638649e-03   1.53677555e-02   2.31382938e-02
    3.10101104e-02   3.90122815e-02   4.71699912e-02   5.55037699e-02
    6.40288391e-02   7.27545407e-02   8.16838475e-02   9.08129223e-02
    1.00130720e-01   1.09618599e-01   1.19249945e-01   1.28989772e-01
    1.38794326e-01   1.48610649e-01   1.58376149e-01   1.68018148e-01
    1.77453453e-01   1.86587949e-01   1.95316261e-01   2.03521516e-01
    2.11075239e-01   2.17837438e-01   2.23656913e-01   2.28371829e-01
    2.31810566e-01   2.33792849e-01   2.34131113e-01]
 [  0.00000000e+00   7.30857433e-03   1.46497766e-02   2.20557561e-02
    2.95572106e-02   3.71827370e-02   4.49582631e-02   5.29065820e-02
    6.10469870e-02   6.93950170e-02   7.79622928e-02   8.67564461e-02
    9.57811090e-02   1.05035956e-01   1.14516749e-01   1.24215361e-01
    1.34119693e-01   1.44213430e-01   1.54475482e-01   1.64879014e-01
    1.75389840e-01   1.85964046e-01   1.96544633e-01   2.07057133e-01
    2.17404270e-01   2.27460051e-01   2.37064034e-01   2.46016932e-01
    2.54078990e-01   2.60972494e-01   2.66389178e-01]
 [  0.00000000e+00   6.92494039e-03   1.38809420e-02   2.08988668e-02
    2.80086905e-02   3.52391302e-02   4.26173588e-02   5.01688197e-02
    5.79171628e-02   6.58843001e-02   7.40905933e-02   8.25551557e-02
    9.12962685e-02   1.00331868e-01   1.09680076e-01   1.19359685e-01
    1.29390500e-01   1.39793367e-01   1.50589666e-01   1.61799960e-01
    1.73441429e-01   1.85523654e-01   1.98042337e-01   2.10970670e-01
    2.24248384e-01   2.37769079e-01   2.51367294e-01   2.64807703e-01
    2.77779646e-01   2.89900277e-01   3.00728408e-01]
 [  0.00000000e+00   6.51665846e-03   1.30633140e-02   1.96700105e-02
    2.63664081e-02   3.31816674e-02   4.01444206e-02   4.72828610e-02
    5.46249620e-02   6.21988533e-02   7.00333523e-02   7.81586678e-02
    8.66072544e-02   9.54148079e-02   1.04621337e-01   1.14272236e-01
    1.24419201e-01   1.35120772e-01   1.46442165e-01   1.58453930e-01
    1.71228838e-01   1.84836255e-01   1.99333210e-01   2.14751474e-01
    2.31080378e-01   2.48245941e-01   2.66088307e-01   2.84341324e-01
    3.02619959e-01   3.20421982e-01   3.37148803e-01]
 [  0.00000000e+00   6.08438235e-03   1.21979480e-02   1.83701376e-02
    2.46304496e-02   3.10085488e-02   3.75344761e-02   4.42389834e-02
    5.11540303e-02   5.83134586e-02   6.57538771e-02   7.35157620e-02
    8.16447887e-02   9.01933712e-02   9.92223805e-02   1.08802939e-01
    1.19018149e-01   1.29964470e-01   1.41752359e-01   1.54505539e-01
    1.68358076e-01   1.83448117e-01   1.99906991e-01   2.17842265e-01
    2.37313725e-01   2.58302292e-01   2.80673957e-01   3.04144057e-01
    3.28251087e-01   3.52352074e-01   3.75650364e-01]
 [  0.00000000e+00   5.62849970e-03   1.12853984e-02   1.69995270e-02
    2.28001475e-02   2.87172578e-02   3.47820041e-02   4.10272413e-02
    4.74882716e-02   5.42038081e-02   6.12171856e-02   6.85778659e-02
    7.63432480e-02   8.45808086e-02   9.33705424e-02   1.02807654e-01
    1.13005349e-01   1.24097477e-01   1.36240570e-01   1.49614586e-01
    1.64421269e-01   1.80878598e-01   1.99209277e-01   2.19620794e-01
    2.42274532e-01   2.67242356e-01   2.94451685e-01   3.23625229e-01
    3.54229151e-01   3.85451281e-01   4.16233091e-01]
 [  0.00000000e+00   5.14935235e-03   1.03261623e-02   1.55584541e-02
    2.08749853e-02   2.63057084e-02   3.18823543e-02   3.76391750e-02
    4.36138984e-02   4.98489343e-02   5.63928925e-02   6.33024567e-02
    7.06446771e-02   7.84997166e-02   8.69640925e-02   9.61543928e-02
    1.06211407e-01   1.17304465e-01   1.29635602e-01   1.43442830e-01
    1.59001331e-01   1.76620647e-01   1.96635031e-01   2.19382986e-01
    2.45171079e-01   2.74217108e-01   3.06570108e-01   3.42011705e-01
    3.79956961e-01   4.19391673e-01   4.58896982e-01]
 [  0.00000000e+00   4.64742380e-03   9.32105537e-03   1.40477631e-02
    1.88553715e-02   2.37732418e-02   2.88329804e-02   3.40693255e-02
    3.95212621e-02   4.52334305e-02   5.12578890e-02   5.76563173e-02
    6.45027353e-02   7.18868415e-02   7.99180529e-02   8.87303381e-02
    9.84878723e-02   1.09391480e-01   1.21685629e-01   1.35665448e-01
    1.51682643e-01   1.70148291e-01   1.91529000e-01   2.16330821e-01
    2.45062649e-01   2.78168442e-01   3.15917535e-01   3.58249396e-01
    4.04590073e-01   4.53697664e-01   5.03642040e-01]
 [  0.00000000e+00   4.12348987e-03   8.27151707e-03   1.24693296e-02
    1.67432723e-02   2.11214401e-02   2.56344668e-02   3.03164984e-02
    3.52064157e-02   4.03493711e-02   4.57987298e-02   5.16185089e-02
    5.78864432e-02   6.46978154e-02   7.21702294e-02   8.04495118e-02
    8.97169577e-02   1.00198094e-01   1.12173064e-01   1.25988492e-01
    1.42070184e-01   1.60935017e-01   1.83198524e-01   2.09571421e-01
    2.40833251e-01   2.77764259e-01   3.21009616e-01   3.70850108e-01
    4.26876703e-01   4.87638778e-01   5.50468262e-01]
 [  0.00000000e+00   3.57873196e-03   7.17983778e-03   1.08264084e-02
    1.45426857e-02   1.83547441e-02   2.22913044e-02   2.63847393e-02
    3.06723283e-02   3.51978480e-02   4.00135846e-02   4.51828991e-02
    5.07834890e-02   5.69115521e-02   6.36870947e-02   7.12607136e-02
    7.98222427e-02   8.96117636e-02   1.00933520e-01   1.14173292e-01
    1.29819531e-01   1.48487873e-01   1.70946879e-01   1.98139027e-01
    2.31183439e-01   2.71333234e-01   3.19839396e-01   3.77649746e-01
    4.44871526e-01   5.20019723e-01   5.99375650e-01]
 [  0.00000000e+00   3.01480950e-03   6.04930594e-03   9.12385563e-03
    1.22599460e-02   1.54808453e-02   1.88123919e-02   2.22839627e-02
    2.59296913e-02   2.97900089e-02   3.39136183e-02   3.83600255e-02
    4.32028130e-02   4.85338819e-02   5.44689892e-02   6.11550056e-02
    6.87794967e-02   7.75834269e-02   8.78780882e-02   1.00067674e-01
    1.14679278e-01   1.32402197e-01   1.54137819e-01   1.81058634e-01
    2.14667162e-01   2.56826817e-01   3.09696727e-01   3.75430149e-01
    4.55402381e-01   5.48733893e-01   6.50364204e-01]
 [  0.00000000e+00   2.43389209e-03   4.88427069e-03   7.36822340e-03
    9.90384768e-03   1.25108454e-02   1.52112306e-02   1.80302027e-02
    2.09972423e-02   2.41475092e-02   2.75236391e-02   3.11780769e-02
    3.51761217e-02   3.95999406e-02   4.45538996e-02   5.01717198e-02
    5.66261842e-02   6.41424665e-02   7.30166499e-02   8.36417690e-02
    9.65447957e-02   1.12439520e-01   1.32302082e-01   1.57477270e-01
    1.89821700e-01   2.31876202e-01   2.87011870e-01   3.59361726e-01
    4.53047427e-01   5.69720118e-01   7.03433923e-01]
 [  0.00000000e+00   1.83865062e-03   3.69012278e-03   5.56772412e-03
    7.48558997e-03   9.45916938e-03   1.15058059e-02   1.36454520e-02
    1.59015716e-02   1.83022919e-02   2.08818971e-02   2.36827784e-02
    2.67580089e-02   3.01747747e-02   3.40190056e-02   3.84017025e-02
    4.34677194e-02   4.94081511e-02   5.64781408e-02   6.50229821e-02
    7.55171960e-02   8.86242696e-02   1.05289814e-01   1.26889137e-01
    1.55462488e-01   1.94084706e-01   2.47410695e-01   3.22330834e-01
    4.28176565e-01   5.74257942e-01   7.58584807e-01]
 [  0.00000000e+00   1.23221072e-03   2.47319631e-03   3.73207349e-03
    5.01854537e-03   6.34324644e-03   7.71815360e-03   9.15709432e-03
    1.06763873e-02   1.22956661e-02   1.40389484e-02   1.59360436e-02
    1.80244212e-02   2.03517279e-02   2.29792176e-02   2.59865069e-02
    2.94782804e-02   3.35939480e-02   3.85218725e-02   4.45208906e-02
    5.19538241e-02   6.13413908e-02   7.34520821e-02   8.94579041e-02
    1.11215224e-01   1.41790604e-01   1.86472193e-01   2.54709305e-01
    3.63515331e-01   5.41147736e-01   8.15816857e-01]
 [  0.00000000e+00   6.18071982e-04   1.24060149e-03   1.87222243e-03
    2.51787277e-03   3.18297310e-03   3.87364018e-03   4.59695021e-03
    5.36127236e-03   6.17669715e-03   7.05559562e-03   8.01335626e-03
    9.06936990e-03   1.02483613e-02   1.15822190e-02   1.31125504e-02
    1.48943245e-02   1.70011814e-02   1.95333799e-02   2.26300550e-02
    2.64887975e-02   3.13982170e-02   3.77947446e-02   4.63674559e-02
    5.82649337e-02   7.55372593e-02   1.02171748e-01   1.46783575e-01
    2.30405781e-01   4.11563844e-01   8.75130073e-01]
 [  0.00000000e+00   0.00000000e+00   0.00000000e+00   0.00000000e+00
    0.00000000e+00   0.00000000e+00   0.00000000e+00   0.00000000e+00
    0.00000000e+00   0.00000000e+00   0.00000000e+00   0.00000000e+00
    0.00000000e+00   0.00000000e+00   0.00000000e+00   0.00000000e+00
    0.00000000e+00   0.00000000e+00   0.00000000e+00   0.00000000e+00
    0.00000000e+00   0.00000000e+00   0.00000000e+00   0.00000000e+00
    0.00000000e+00   0.00000000e+00   0.00000000e+00   0.00000000e+00
    0.00000000e+00   0.00000000e+00   3.60000000e+03]]

Part c
It took: 99 iterations
The final error was: 0.000000924

The answer matrix is:

[[  0.00000000e+00   1.04058273e-03   4.16233091e-03   9.36524454e-03
    1.66493236e-02   2.60145682e-02   3.74609781e-02   5.09885536e-02
    6.65972945e-02   8.42872008e-02   1.04058273e-01   1.25910510e-01
    1.49843913e-01   1.75858481e-01   2.03954214e-01   2.34131113e-01
    2.66389178e-01   3.00728408e-01   3.37148803e-01   3.75650364e-01
    4.16233091e-01   4.58896982e-01   5.03642040e-01   5.50468262e-01
    5.99375650e-01   6.50364204e-01   7.03433923e-01   7.58584807e-01
    8.15816857e-01   8.75130073e-01   9.36524454e-01]
 [  0.00000000e+00   3.92283494e-03   8.87573128e-03   1.52593424e-02
    2.32566686e-02   3.29621035e-02   4.44288844e-02   5.76873768e-02
    7.27537555e-02   8.96341463e-02   1.08326247e-01   1.28820309e-01
    1.51098814e-01   1.75135644e-01   2.00894601e-01   2.28326794e-01
    2.57367010e-01   2.87928209e-01   3.19893162e-01   3.53101720e-01
    3.87330441e-01   4.22258874e-01   4.57410996e-01   4.92048300e-01
    5.24958371e-01   5.54006736e-01   5.75089247e-01   5.79418899e-01
    5.45686848e-01   4.14868887e-01   1.04058273e-03]
 [  0.00000000e+00   5.77924168e-03   1.21673751e-02   1.95557714e-02
    2.81798896e-02   3.81825659e-02   4.96512766e-02   6.26382705e-02
    7.71720299e-02   9.32626660e-02   1.10905063e-01   1.30079823e-01
    1.50752672e-01   1.72873034e-01   1.96370877e-01   2.21152099e-01
    2.47091751e-01   2.74023904e-01   3.01726814e-01   3.29900377e-01
    3.58131138e-01   3.85836347e-01   4.12170917e-01   4.35867552e-01
    4.54949067e-01   4.66191588e-01   4.64095895e-01   4.38917634e-01
    3.73210579e-01   2.38049773e-01   4.16233091e-03]
 [  0.00000000e+00   7.03235207e-03   1.44716832e-02   2.26367494e-02
    3.17539773e-02   4.19769555e-02   5.34071171e-02   6.61078330e-02
    8.01138147e-02   9.54365557e-02   1.12067046e-01   1.29976592e-01
    1.49115933e-01   1.69412856e-01   1.90768093e-01   2.13049116e-01
    2.36081096e-01   2.59633991e-01   2.83403826e-01   3.06985161e-01
    3.29830110e-01   3.51185888e-01   3.69997631e-01   3.84755688e-01
    3.93252161e-01   3.92199749e-01   3.76668053e-01   3.39401965e-01
    2.70576396e-01   1.60205026e-01   9.36524454e-03]
 [  0.00000000e+00   7.88620811e-03   1.60650610e-02   2.47892848e-02
    3.42552011e-02   4.46077283e-02   5.59479103e-02   6.83407664e-02
    8.18221703e-02   9.64019680e-02   1.12066555e-01   1.28778840e-01
    1.46476792e-01   1.65070696e-01   1.84438122e-01   2.04416935e-01
    2.24795269e-01   2.45297420e-01   2.65564321e-01   2.85125854e-01
    3.03361569e-01   3.19444850e-01   3.32263037e-01   3.40305728e-01
    3.41513586e-01   3.33095220e-01   3.11366514e-01   2.71798979e-01
    2.09769585e-01   1.22995370e-01   1.66493236e-02]
 [  0.00000000e+00   8.45445295e-03   1.71301120e-02   2.62255482e-02
    3.59054414e-02   4.62975736e-02   5.74942343e-02   6.95566380e-02
    8.25173815e-02   9.63830788e-02   1.11135227e-01   1.26729498e-01
    1.43094250e-01   1.60126871e-01   1.77688727e-01   1.95598002e-01
    2.13619526e-01   2.31451331e-01   2.48706553e-01   2.64889066e-01
    2.79361173e-01   2.91301255e-01   2.99649655e-01   3.03044676e-01
    2.99756563e-01   2.87647881e-01   2.64227687e-01   2.26940692e-01
    1.73925926e-01   1.05485556e-01   2.60145682e-02]
 [  0.00000000e+00   8.81128887e-03   1.77931758e-02   2.71048328e-02
    3.68811070e-02   4.72307770e-02   5.82346750e-02   6.99462543e-02
    8.23932863e-02   9.55779550e-02   1.09477168e-01   1.24041466e-01
    1.39192617e-01   1.54820274e-01   1.70776790e-01   1.86870328e-01
    2.02855773e-01   2.18422726e-01   2.33180363e-01   2.46638408e-01
    2.58183639e-01   2.67052487e-01   2.72301525e-01   2.72782165e-01
    2.67132080e-01   2.53811338e-01   2.31230910e-01   1.98046211e-01
    1.53688855e-01   9.91161888e-02   3.74609781e-02]
 [  0.00000000e+00   9.00445687e-03   1.81450732e-02   2.75469842e-02
    3.73213787e-02   4.75590481e-02   5.83278855e-02   6.96735233e-02
    8.16175311e-02   9.41579574e-02   1.07268374e-01   1.20895945e-01
    1.34959624e-01   1.49346222e-01   1.63905738e-01   1.78445441e-01
    1.92721780e-01   2.06430816e-01   2.19196549e-01   2.30557342e-01
    2.39951251e-01   2.46701412e-01   2.50005175e-01   2.48934213e-01
    2.42456235e-01   2.29498535e-01   2.09078883e-01   1.80530759e-01
    1.43826817e-01   9.99324746e-02   5.09885536e-02]
 [  0.00000000e+00   9.07343138e-03   1.82538710e-02   2.76455160e-02
    3.73374360e-02   4.74048819e-02   5.79048406e-02   6.88742220e-02
    8.03295941e-02   9.22654749e-02   1.04653239e-01   1.17439526e-01
    1.30543560e-01   1.43853924e-01   1.57224509e-01   1.70469091e-01
    1.83355183e-01   1.95596682e-01   2.06845429e-01   2.16682846e-01
    2.24612155e-01   2.30053191e-01   2.32343577e-01   2.30752206e-01
    2.24512353e-01   2.12886442e-01   1.95272781e-01   1.71358885e-01
    1.41305155e-01   1.05902088e-01   6.65972945e-02]
 [  0.00000000e+00   9.04292195e-03   1.81733440e-02   2.74729343e-02
    3.70178249e-02   4.68692633e-02   5.70736972e-02   6.76621876e-02
    7.86462062e-02   9.00183645e-02   1.01749942e-01   1.13788904e-01
    1.26058233e-01   1.38452382e-01   1.50833983e-01   1.63029649e-01
    1.74825031e-01   1.85959681e-01   1.96121646e-01   2.04942729e-01
    2.11995764e-01   2.16795529e-01   2.18806053e-01   2.17459230e-01
    2.12188568e-01   2.02483999e-01   1.87970344e-01   1.68505366e-01
    1.44280017e-01   1.15884133e-01   8.42872008e-02]
 [  0.00000000e+00   8.93215783e-03   1.79376085e-02   2.70830606e-02
    3.64284642e-02   4.60266449e-02   5.59166453e-02   6.61228615e-02
    7.66547877e-02   8.75041316e-02   9.86434393e-02   1.10025060e-01
    1.21578050e-01   1.33206218e-01   1.44785280e-01   1.56159101e-01
    1.67136600e-01   1.77488113e-01   1.86942094e-01   1.95183263e-01
    2.01852752e-01   2.06552122e-01   2.08853070e-01   2.08315988e-01
    2.04519163e-01   1.97101060e-01   1.85814535e-01   1.70587296e-01
    1.51575305e-01   1.29187509e-01   1.04058273e-01]
 [  0.00000000e+00   8.76114536e-03   1.75815464e-02   2.65191171e-02
    3.56251759e-02   4.49410741e-02   5.45012295e-02   6.43272877e-02
    7.44261198e-02   8.47908988e-02   9.53977724e-02   1.06204529e-01
    1.17149352e-01   1.28148194e-01   1.39092631e-01   1.49847518e-01
    1.60248322e-01   1.70098915e-01   1.79170055e-01   1.87198788e-01
    1.93890123e-01   1.98922191e-01   2.01955595e-01   2.02649379e-01
    2.00684003e-01   1.95791801e-01   1.87792883e-01   1.76631558e-01
    1.62404228e-01   1.45366770e-01   1.25910510e-01]
 [  0.00000000e+00   8.53912197e-03   1.71285841e-02   2.58159876e-02
    3.46468089e-02   4.36581408e-02   5.28777066e-02   6.23251990e-02
    7.20091707e-02   8.19241803e-02   9.20512861e-02   1.02356647e-01
    1.12788730e-01   1.23277919e-01   1.33734424e-01   1.44046029e-01
    1.54076996e-01   1.63666338e-01   1.72627046e-01   1.80746581e-01
    1.87788681e-01   1.93497992e-01   1.97607918e-01   1.99852866e-01
    1.99984623e-01   1.97793105e-01   1.93129140e-01   1.85925702e-01
    1.76212349e-01   1.64116125e-01   1.49843913e-01]
 [  0.00000000e+00   8.27514991e-03   1.65940059e-02   2.49977695e-02
    3.35254295e-02   4.22106122e-02   5.10806835e-02   6.01525383e-02
    6.94357195e-02   7.89301299e-02   8.86227144e-02   9.84882868e-02
    1.08488259e-01   1.18568909e-01   1.28660228e-01   1.38675100e-01
    1.48507697e-01   1.58032622e-01   1.67104904e-01   1.75559999e-01
    1.83215495e-01   1.89874532e-01   1.95330919e-01   1.99377527e-01
    2.01816682e-01   2.02472802e-01   2.01205890e-01   1.97923259e-01
    1.92586791e-01   1.85212293e-01   1.75858481e-01]
 [  0.00000000e+00   7.97594191e-03   1.59905655e-02   2.40808010e-02
    3.22818491e-02   4.06238122e-02   4.91333982e-02   5.78297614e-02
    6.67241799e-02   7.58199150e-02   8.51128757e-02   9.45881809e-02
    1.04220036e-01   1.13972332e-01   1.23796420e-01   1.33630752e-01
    1.43400386e-01   1.53016054e-01   1.62373888e-01   1.71355679e-01
    1.79829534e-01   1.87651255e-01   1.94666926e-01   2.00717145e-01
    2.05641826e-01   2.09286315e-01   2.11507802e-01   2.12180640e-01
    2.11199736e-01   2.08480542e-01   2.03954214e-01]
 [  0.00000000e+00   7.64609075e-03   1.53268393e-02   2.30771726e-02
    3.09292724e-02   3.89123345e-02   4.70517521e-02   5.53685164e-02
    6.38790316e-02   7.25917978e-02   8.15095730e-02   9.06291510e-02
    9.99398343e-02   1.09422606e-01   1.19050934e-01   1.28790148e-01
    1.38596281e-01   1.48416339e-01   1.58187766e-01   1.67837706e-01
    1.77282894e-01   1.86429218e-01   1.95171001e-01   2.03391170e-01
    2.10961130e-01   2.17740704e-01   2.23578512e-01   2.28312522e-01
    2.31770824e-01   2.33772938e-01   2.34131113e-01]
 [  0.00000000e+00   7.28848857e-03   1.46091189e-02   2.19951059e-02
    2.94768989e-02   3.70836536e-02   4.48412998e-02   5.27727375e-02
    6.08978397e-02   6.92327909e-02   7.77891094e-02   8.65737692e-02
    9.55909331e-02   1.04840738e-01   1.14318623e-01   1.24016433e-01
    1.33922295e-01   1.44019792e-01   1.54287660e-01   1.64699050e-01
    1.75219726e-01   1.85805660e-01   1.96399641e-01   2.06927048e-01
    2.17290376e-01   2.27363472e-01   2.36985768e-01   2.45957726e-01
    2.54039312e-01   2.60952612e-01   2.66389178e-01]
 [  0.00000000e+00   6.90517750e-03   1.38410085e-02   2.08393617e-02
    2.79299377e-02   3.51419261e-02   4.25026205e-02   5.00376678e-02
    5.77709699e-02   6.57245946e-02   7.39197740e-02   8.23754280e-02
    9.11093681e-02   1.00139663e-01   1.09484899e-01   1.19163844e-01
    1.29195996e-01   1.39602411e-01   1.50404479e-01   1.61622486e-01
    1.73273598e-01   1.85367372e-01   1.97899254e-01   2.10842270e-01
    2.24135956e-01   2.37673734e-01   2.51290013e-01   2.64749235e-01
    2.77740481e-01   2.89880663e-01   3.00728408e-01]
 [  0.00000000e+00   6.49777766e-03   1.30245752e-02   1.96122565e-02
    2.62897336e-02   3.30871893e-02   4.00329156e-02   4.71556023e-02
    5.44832979e-02   6.20441100e-02   6.98673367e-02   7.79834825e-02
    8.64253667e-02   9.52280122e-02   1.04431422e-01   1.14081469e-01
    1.24229814e-01   1.34934808e-01   1.46261594e-01   1.58280855e-01
    1.71065202e-01   1.84683800e-01   1.99193596e-01   2.14626203e-01
    2.30970693e-01   2.48152898e-01   2.66012883e-01   2.84284279e-01
    3.02581736e-01   3.20402831e-01   3.37148803e-01]
 [  0.00000000e+00   6.06634144e-03   1.21608520e-02   1.83149621e-02
    2.45568736e-02   3.09178339e-02   3.74272264e-02   4.41168582e-02
    5.10181310e-02   5.81653429e-02   6.55950022e-02   7.33477128e-02
    8.14697858e-02   9.00136392e-02   9.90400065e-02   1.08619571e-01
    1.18835805e-01   1.29785427e-01   1.41578564e-01   1.54338865e-01
    1.68200420e-01   1.83301293e-01   1.99772499e-01   2.17721485e-01
    2.37207990e-01   2.58212614e-01   2.80601206e-01   3.04089037e-01
    3.28214251e-01   3.52333608e-01   3.75650364e-01]
 [  0.00000000e+00   5.61114434e-03   1.12503641e-02   1.69472128e-02
    2.27307307e-02   2.86316417e-02   3.46807886e-02   4.09117661e-02
    4.73595707e-02   5.40635734e-02   6.10668182e-02   6.84190101e-02
    7.61775160e-02   8.44101672e-02   9.31972971e-02   1.02633770e-01
    1.12832514e-01   1.23927457e-01   1.36075413e-01   1.49456239e-01
    1.64271413e-01   1.80738951e-01   1.99081382e-01   2.19505941e-01
    2.42173935e-01   2.67157040e-01   2.94382485e-01   3.23572871e-01
    3.54194099e-01   3.85433708e-01   4.16233091e-01]
 [  0.00000000e+00   5.13335594e-03   1.02939079e-02   1.55098727e-02
    2.08104320e-02   2.62259148e-02   3.17880943e-02   3.75315619e-02
    4.34939607e-02   4.97181285e-02   5.62526217e-02   6.31543453e-02
    7.04902859e-02   7.83405932e-02   8.68020944e-02   9.59915622e-02
    1.06049770e-01   1.17145635e-01   1.29481120e-01   1.43294513e-01
    1.58860974e-01   1.76489862e-01   1.96515180e-01   2.19275310e-01
    2.45076777e-01   2.74137133e-01   3.06505228e-01   3.41962615e-01
    3.79924134e-01   4.19375232e-01   4.58896982e-01]
 [  0.00000000e+00   4.63291951e-03   9.29176718e-03   1.40037323e-02
    1.87966095e-02   2.37004156e-02   2.87466453e-02   3.39707315e-02
    3.94112580e-02   4.51135453e-02   5.11292446e-02   5.75205157e-02
    6.43612172e-02   7.17411226e-02   7.97696410e-02   8.85807425e-02
    9.83390488e-02   1.09245260e-01   1.21543594e-01   1.35529004e-01
    1.51553291e-01   1.70027761e-01   1.91418651e-01   2.16231685e-01
    2.44975768e-01   2.78094752e-01   3.15857795e-01   3.58204163e-01
    4.04559783e-01   4.53682521e-01   5.03642040e-01]
 [  0.00000000e+00   4.10988363e-03   8.24528346e-03   1.24295593e-02
    1.66910481e-02   2.10566622e-02   2.55578560e-02   3.02285414e-02
    3.51080056e-02   4.02418350e-02   4.56830654e-02   5.14963729e-02
    5.77589904e-02   6.45666932e-02   7.20367418e-02   8.03150448e-02
    8.95830266e-02   1.00066209e-01   1.12044965e-01   1.25865544e-01
    1.41953617e-01   1.60826194e-01   1.83098787e-01   2.09481943e-01
    2.40754877e-01   2.77697694e-01   3.20955635e-01   3.70809281e-01
    4.26849366e-01   4.87625096e-01   5.50468262e-01]
 [  0.00000000e+00   3.56664458e-03   7.15739050e-03   1.07918218e-02
    1.44976506e-02   1.82983713e-02   2.22248855e-02   2.63081193e-02
    3.05867882e-02   3.51038767e-02   3.99124158e-02   4.50757357e-02
    5.06715446e-02   5.67963397e-02   6.35698018e-02   7.11428120e-02
    7.97048183e-02   8.94960322e-02   1.00820851e-01   1.14065031e-01
    1.29717032e-01   1.48392232e-01   1.70859113e-01   1.98060177e-01
    2.31114405e-01   2.71274654e-01   3.19791807e-01   3.77613704e-01
    4.44847430e-01   5.20007673e-01   5.99375650e-01]
 [  0.00000000e+00   3.00538199e-03   6.03094366e-03   9.09573364e-03
    1.22223804e-02   1.54335343e-02   1.87561542e-02   2.22191015e-02
    2.58572322e-02   2.97103998e-02   3.38279606e-02   3.82691061e-02
    4.31078371e-02   4.84360013e-02   5.43694089e-02   6.10549285e-02
    6.86799077e-02   7.74853025e-02   8.77823646e-02   9.99754438e-02
    1.14591742e-01   1.32320535e-01   1.54063010e-01   1.80991416e-01
    2.14608279e-01   2.56776886e-01   3.09656206e-01   3.75399459e-01
    4.55381853e-01   5.48723619e-01   6.50364204e-01]
 [  0.00000000e+00   2.42620188e-03   4.86958267e-03   7.34579048e-03
    9.87409750e-03   1.24733494e-02   1.51664803e-02   1.79782866e-02
    2.09389141e-02   2.40832572e-02   2.74542949e-02   3.11044129e-02
    3.50989885e-02   3.95203574e-02   4.44728168e-02   5.00902452e-02
    5.65452189e-02   6.40628489e-02   7.29390860e-02   8.35669435e-02
    9.64735811e-02   1.12372862e-01   1.32240950e-01   1.57422445e-01
    1.89773757e-01   2.31835554e-01   2.86978838e-01   3.59336678e-01
    4.53030724e-01   5.69711809e-01   7.03433923e-01]
 [  0.00000000e+00   1.83217760e-03   3.67924424e-03   5.55102477e-03
    7.46400981e-03   9.43167916e-03   1.14732845e-02   1.36072784e-02
    1.58585953e-02   1.82542071e-02   2.08297961e-02   2.36268959e-02
    2.66993796e-02   3.01141161e-02   3.39571628e-02   3.83396047e-02
    4.34059595e-02   4.93475991e-02   5.64192955e-02   6.49663611e-02
    7.54633580e-02   8.85737682e-02   1.05243360e-01   1.26847344e-01
    1.55425992e-01   1.94053918e-01   2.47385688e-01   3.22311753e-01
    4.28163745e-01   5.74251581e-01   7.58584807e-01]
 [  0.00000000e+00   1.22931652e-03   2.46633347e-03   3.72214655e-03
    5.00411087e-03   6.32553514e-03   7.69659854e-03   9.13216697e-03
    1.06479079e-02   1.22638083e-02   1.40042530e-02   1.58985601e-02
    1.79851732e-02   2.03109149e-02   2.29377609e-02   2.59447148e-02
    2.94367601e-02   3.35532581e-02   3.84823170e-02   4.44829585e-02
    5.19176993e-02   6.13075108e-02   7.34208690e-02   8.94296404e-02
    1.11190487e-01   1.41769807e-01   1.86455467e-01   2.54696604e-01
    3.63506673e-01   5.41143368e-01   8.15816857e-01]
 [  0.00000000e+00   6.18063687e-04   1.23711381e-03   1.86758556e-03
    2.51019757e-03   3.17410868e-03   3.86229457e-03   4.58430409e-03
    5.34661570e-03   6.16089165e-03   7.03823238e-03   7.99493755e-03
    9.04995593e-03   1.02281794e-02   1.15616501e-02   1.30917222e-02
    1.48737202e-02   1.69808843e-02   1.95136565e-02   2.26110739e-02
    2.64706482e-02   3.13811581e-02   3.77789783e-02   4.63531611e-02
    5.82523353e-02   7.55266033e-02   1.02163240e-01   1.46777208e-01
    2.30401467e-01   4.11561650e-01   8.75130073e-01]
 [  0.00000000e+00   0.00000000e+00   0.00000000e+00   0.00000000e+00
    0.00000000e+00   0.00000000e+00   0.00000000e+00   0.00000000e+00
    0.00000000e+00   0.00000000e+00   0.00000000e+00   0.00000000e+00
    0.00000000e+00   0.00000000e+00   0.00000000e+00   0.00000000e+00
    0.00000000e+00   0.00000000e+00   0.00000000e+00   0.00000000e+00
    0.00000000e+00   0.00000000e+00   0.00000000e+00   0.00000000e+00
    0.00000000e+00   0.00000000e+00   0.00000000e+00   0.00000000e+00
    0.00000000e+00   0.00000000e+00   3.60000000e+03]]
